    1 ( =      9     0     5 )
    2 ( =     11     0     6 )
    3 ( -       5 50001     5 )
    4 ( -       5    14    -2 )
    5 ( j<=    -2 50000     8 )
    6 ( =  50001     0    -3 )
    7 ( j       0     0     9 )
    8 ( =  50000     0    -3 )
    9 ( j!=    -3 50000    11 )
   10 ( j       0     0    18 )
   11 ( =     11     0     4 )
   12 ( *       4     6    -4 )
   13 ( =     -4     0     6 )
   14 ( =      5     0     7 )
   15 ( +       4 50001     4 )
   16 ( j<=     4     5    12 )
   17 ( j       0     0    18 )
   18 ( -       4    14    -6 )
   19 ( j<=    -6 50000    22 )
   20 ( =  50001     0    -7 )
   21 ( j       0     0    23 )
   22 ( =  50000     0    -7 )
   23 ( j!=    -7 50000     0 )
   24 ( j       0     0    26 )
   25 ( -       4 50001     4 )
   26 ( 0       0     0     0 )
