  1  public  2   -1 
  2  class 18   -1 
  3  My 27    1 
  4  { 49   -1 
  5  public  2   -1 
  6  static 54   -1 
  7  void 55   -1 
  8  main 56   -1 
  9  ( 32   -1 
 10  String 27    2 
 11  args 27    3 
 12  [ 52   -1 
 13  ] 53   -1 
 14  ) 33   -1 
 15  { 49   -1 
 16  int 14   -1 
 17  i 27    4 
 18  , 37   -1 
 19  a 27    5 
 20  , 37   -1 
 21  b 27    6 
 22  , 37   -1 
 23  c 27    7 
 24  ; 42   -1 
 25  a 27    5 
 26  = 46   -1 
 27  4 28    9 
 28  ; 42   -1 
 29  b 27    6 
 30  = 46   -1 
 31  1 28   11 
 32  ; 42   -1 
 33  a 27    5 
 34  -- 58   -1 
 35  ; 42   -1 
 36  if 13   -1 
 37  ( 32   -1 
 38  a 27    5 
 39  > 47   -1 
 40  0 28   14 
 41  ) 33   -1 
 42  { 49   -1 
 43  for 12   -1 
 44  ( 32   -1 
 45  i 27    4 
 46  = 46   -1 
 47  1 28   11 
 48  ; 42   -1 
 49  i 27    4 
 50  <= 44   -1 
 51  a 27    5 
 52  ; 42   -1 
 53  i 27    4 
 54  ++ 57   -1 
 55  ) 33   -1 
 56  { 49   -1 
 57  b 27    6 
 58  = 46   -1 
 59  i 27    4 
 60  * 34   -1 
 61  b 27    6 
 62  ; 42   -1 
 63  c 27    7 
 64  = 46   -1 
 65  a 27    5 
 66  ; 42   -1 
 67  } 50   -1 
 68  } 50   -1 
 69  while 26   -1 
 70  ( 32   -1 
 71  i 27    4 
 72  > 47   -1 
 73  0 28   14 
 74  ) 33   -1 
 75  { 49   -1 
 76  i 27    4 
 77  -- 58   -1 
 78  ; 42   -1 
 79  } 50   -1 
 80  } 50   -1 
 81  } 50   -1 
